epoch	train_loss	train_binacc	train_acc	train_tp	train_fp	train_tn	train_fn	train_sens	train_spec	train_balacc	val_loss	val_binacc	val_acc	val_tp	val_fp	val_tn	val_fn	val_sens	val_spec	val_balacc
1	0.1614050567150116	0.8613384366035461	0.3878074586391449	9331807.0	56410424.0	349002112.0	1275512.0	0.879751707288147	0.8608567348297291	0.870304221058938	0.12595707178115845	0.9036651253700256	0.5062656402587891	765418.0	2917506.0	27400676.0	85136.0	0.8999052382329634	0.9037704173686931	0.9018378278008283
2	0.12263508886098862	0.8991281986236572	0.5262743234634399	9709639.0	41067176.0	364345504.0	897680.0	0.9153716410338937	0.8987027835439187	0.9070372122889062	0.10811168700456619	0.9244982600212097	0.6053784489631653	772457.0	2275198.0	28042984.0	78097.0	0.9081810208405345	0.9249559884560361	0.9165685046482853
3	0.11046720296144485	0.9112385511398315	0.5805925726890564	9787387.0	36106696.0	369306112.0	819932.0	0.9227012970949586	0.9109384427736186	0.9168198699342887	0.10065039247274399	0.9272406101226807	0.6421443223953247	782079.0	2199347.0	28118848.0	68475.0	0.9194936476696365	0.9274578516300195	0.923475749649828
4	0.10312839597463608	0.9175302982330322	0.6108372807502747	9849844.0	33551796.0	371860608.0	757475.0	0.9285894013369448	0.9172403318967024	0.9229148666168236	0.09535574167966843	0.9352008700370789	0.6730937361717224	781823.0	1950974.0	28367208.0	68731.0	0.9191926673673865	0.9356500333694151	0.9274213503684008
5	0.0982327088713646	0.9218277335166931	0.6311240792274475	9887759.0	31801528.0	373611040.0	719560.0	0.9321638200944083	0.9215576168324412	0.9268607184634248	0.09369707107543945	0.9413207173347473	0.6811413168907166	778130.0	1756538.0	28561650.0	72424.0	0.9148507913665681	0.9420632262059988	0.9284570087862835
6	0.09490422904491425	0.9248867630958557	0.6453018188476562	9910295.0	30551488.0	374861312.0	697024.0	0.9342883908742633	0.9246410374808097	0.9294647141775365	0.09702503681182861	0.9496361017227173	0.6915138959884644	766703.0	1485922.0	28832268.0	83851.0	0.9014160182657421	0.9509890926866017	0.9262025554761719
7	0.09165739268064499	0.9275664687156677	0.6567595601081848	9935859.0	29462488.0	375950112.0	671460.0	0.9366984249271658	0.9273271526341312	0.9320127887806485	0.09221383929252625	0.9468287825584412	0.6979722380638123	776092.0	1582819.0	28735368.0	74462.0	0.9124547059916243	0.9477930853846901	0.9301238956881572
8	0.08988379687070847	0.9290457367897034	0.66371089220047	9949269.0	28860326.0	376552000.0	658050.0	0.9379626463576706	0.9288124110957593	0.9333875287267149	0.09159219264984131	0.9504543542861938	0.7084818482398987	774024.0	1467747.0	28850448.0	76530.0	0.9100233494875105	0.951588575771084	0.9308059626292973
9	0.08716274797916412	0.9312789440155029	0.6733353734016418	9971375.0	27953552.0	377458976.0	635944.0	0.940046679090164	0.9310491164693362	0.9355478977797501	0.09053418040275574	0.9474431276321411	0.7088106274604797	777336.0	1564918.0	28753272.0	73218.0	0.9139172821478707	0.9483835281723613	0.931150405160116
10	0.0856824666261673	0.9324789643287659	0.679561197757721	9980483.0	27463184.0	377949184.0	626836.0	0.9409053314979968	0.9322586428838303	0.9365819871909136	0.08836302161216736	0.9477410316467285	0.7125604152679443	781063.0	1559354.0	28758832.0	69491.0	0.9182991320950815	0.9485670415769598	0.9334330868360207
11	0.08416055887937546	0.933903694152832	0.6849972605705261	9991836.0	26882036.0	378530560.0	615483.0	0.9419756302228678	0.9336921539556704	0.937833892089269	0.08759298920631409	0.9511174559593201	0.7240426540374756	778839.0	1451891.0	28866300.0	71715.0	0.9156843657192841	0.9521115557323324	0.9338979607258082
12	0.08277810364961624	0.9348546266555786	0.6898645758628845	10004490.0	26498868.0	378913632.0	602829.0	0.9431685801096394	0.9346372694477847	0.9389029247787121	0.08597005158662796	0.9428989887237549	0.7147425413131714	789222.0	1718437.0	28599752.0	61332.0	0.9278917035249966	0.9433199324669426	0.9356058179959696
13	0.08187285810709	0.9356958866119385	0.6942411065101624	10009475.0	26153996.0	379258528.0	597844.0	0.943638538635446	0.9354879426467841	0.9395632406411151	0.08961131423711777	0.9545021057128906	0.7262932658195496	772909.0	1340466.0	28977724.0	77645.0	0.9087124391866948	0.9557867405672964	0.9322495898769956
14	0.08006282150745392	0.9369888305664062	0.698562502861023	10025425.0	25632260.0	379780288.0	581894.0	0.9451422173689695	0.9367748725922513	0.9409585449806104	0.0867919772863388	0.947935163974762	0.7234770655632019	783741.0	1555984.0	28762204.0	66813.0	0.9214476682256506	0.9486781993699623	0.9350629337978065
15	0.07910748571157455	0.9377361536026001	0.7011468410491943	10033261.0	25329012.0	380083712.0	574058.0	0.9458809525762353	0.9375228982699616	0.9417019254230985	0.09055646508932114	0.9591743350028992	0.7390221953392029	768200.0	1190129.0	29128056.0	82354.0	0.9031760476113215	0.9607453744345185	0.93196071102292
16	0.0785568431019783	0.9379478096961975	0.7039525508880615	10039344.0	25246924.0	380165568.0	567975.0	0.9464544245346067	0.9377253427109493	0.942089883622778	0.08659053593873978	0.9546183347702026	0.7343153953552246	777128.0	1341062.0	28977124.0	73426.0	0.9136727356522925	0.9557670765658605	0.9347199061090765
17	0.077508844435215	0.9388235807418823	0.7066565155982971	10046847.0	24890180.0	380522400.0	560472.0	0.9471617663237997	0.9386053091889749	0.9428835377563873	0.09118887037038803	0.9592481851577759	0.7322643995285034	767128.0	1186749.0	29131436.0	83426.0	0.9019156925956494	0.9608568586806895	0.9313862756381694
18	0.07682783901691437	0.9394932389259338	0.7091014981269836	10050325.0	24615026.0	380797472.0	556994.0	0.9474896531347836	0.9392839980971677	0.9433868256159756	0.08827205002307892	0.9567283391952515	0.7336186766624451	773702.0	1271879.0	29046312.0	76852.0	0.9096447727010866	0.9580489812205484	0.9338468769608175
19	0.07650052011013031	0.9396849274635315	0.7091119289398193	10055004.0	24540164.0	380872352.0	552315.0	0.9479307636547935	0.9394686571541369	0.9436997104044651	0.0927857980132103	0.9602389335632324	0.7347205281257629	764747.0	1153489.0	29164698.0	85807.0	0.8991163406438627	0.9619538925596046	0.9305351166017337
20	0.07489406317472458	0.9407205581665039	0.7129861116409302	10070963.0	24125056.0	381287552.0	536356.0	0.9494352908590757	0.9404925857658576	0.9449639383124666	0.09513518959283829	0.961919903755188	0.739392101764679	761431.0	1097789.0	29220402.0	89123.0	0.8952177051662799	0.9637910784320872	0.9295043917991835
21	0.07453306019306183	0.9411022067070007	0.7157260179519653	10069643.0	23964954.0	381447840.0	537676.0	0.9493108484811289	0.9408875241366951	0.945099186308912	0.0907922312617302	0.9586928486824036	0.7374878525733948	769484.0	1206428.0	29111760.0	81070.0	0.9046856519397946	0.9602077802274991	0.9324467160836468
22	0.0739341750741005	0.9416622519493103	0.716867208480835	10076846.0	23739180.0	381673632.0	530473.0	0.9499899079116976	0.9414444257869187	0.9457171668493081	0.09050235152244568	0.9588381052017212	0.742544949054718	769928.0	1202337.0	29115848.0	80626.0	0.9052076646515095	0.9603427118081111	0.9327751882298103
23	0.07296983152627945	0.9421815276145935	0.7183752655982971	10087836.0	23534274.0	381878208.0	519483.0	0.9510259849826332	0.9419498041009995	0.9464878945418164	0.09408353269100189	0.961272120475769	0.741129994392395	763488.0	1120034.0	29198156.0	87066.0	0.8976361289230314	0.9630573592948656	0.9303467441089485
24	0.07240620255470276	0.9426435232162476	0.7202032804489136	10092053.0	23346276.0	382066144.0	515266.0	0.9514235406703616	0.9424135155997441	0.9469185281350528	0.08884847164154053	0.9585980772972107	0.7413922548294067	771731.0	1211614.0	29106580.0	78823.0	0.9073274595146222	0.9600367356973836	0.933682097606003
25	0.07178385555744171	0.9430916905403137	0.7219581007957458	10096983.0	23164556.0	382247744.0	510336.0	0.9518883140970871	0.9428617335981173	0.9473750238476022	0.08688463270664215	0.9556357860565186	0.7436135411262512	777301.0	1309528.0	29008664.0	73253.0	0.9138761324971725	0.9568071869193255	0.935341659708249
26	0.07160583883523941	0.9431706666946411	0.7228871583938599	10098906.0	23133920.0	382278656.0	508413.0	0.9520696040158687	0.9429373399605641	0.9475034719882164	0.08700913935899734	0.9572460651397705	0.7426565289497375	775881.0	1257919.0	29060272.0	74673.0	0.9122066323831292	0.9585094308562143	0.9353580316196717
27	0.07115298509597778	0.943490743637085	0.7236307263374329	10102265.0	23004048.0	382408480.0	505054.0	0.9523862721579317	0.943257678509629	0.9478219753337804	0.0909997820854187	0.9614613056182861	0.7451224327087402	767405.0	1118055.0	29200130.0	83149.0	0.9022413626883184	0.9631226275583449	0.9326819951233316
28	0.07057551294565201	0.9438328742980957	0.7249153256416321	10111265.0	22870640.0	382541888.0	496054.0	0.9532347429166597	0.9435867457948907	0.9484107443557752	0.09034101665019989	0.958351731300354	0.7396014928817749	770922.0	1218491.0	29099696.0	79632.0	0.9063763147313398	0.9598098989230458	0.9330931068271928
29	0.07042909413576126	0.944068431854248	0.7257704734802246	10110240.0	22771546.0	382641216.0	497079.0	0.9531381115246935	0.9438312057872514	0.9484846586559725	0.09490096569061279	0.9616444706916809	0.7412787079811096	763508.0	1108452.0	29209738.0	87046.0	0.8976596430091446	0.9634393741842768	0.9305495085967107
30	0.06960530579090118	0.9445677995681763	0.7281242609024048	10117905.0	22571508.0	382840896.0	489414.0	0.9538607257875434	0.9443245747360014	0.9490926502617725	0.0934530720114708	0.9623426198959351	0.7439618706703186	763235.0	1086416.0	29231780.0	87319.0	0.8973386757336983	0.9641662056673821	0.9307524407005402
31	0.06942258030176163	0.9448280334472656	0.7287114858627319	10117675.0	22462866.0	382949504.0	489644.0	0.9538390426459316	0.9445925490630688	0.9492157958545002	0.09616802632808685	0.9637489318847656	0.7441067099571228	759298.0	1038646.0	29279548.0	91256.0	0.8927099278822979	0.9657418248593568	0.9292258763708273
32	0.06954009085893631	0.9450560212135315	0.7285271883010864	10114492.0	22364968.0	383047584.0	492827.0	0.9535389668209281	0.944834051413386	0.949186509117157	0.09143521636724472	0.9598150253295898	0.7433610558509827	768854.0	1170807.0	29147386.0	81700.0	0.903944958227226	0.9613826919038347	0.9326638250655304
33	0.0688476637005806	0.9452107548713684	0.7299944758415222	10123920.0	22309956.0	383102592.0	483399.0	0.95442778707796	0.9449697447450491	0.9496987659115046	0.09390945732593536	0.961246907711029	0.7441126108169556	765345.0	1122673.0	29195520.0	85209.0	0.89981941181865	0.9629703195042	0.931394865661425
34	0.06786997616291046	0.9462083578109741	0.7327408194541931	10130586.0	21901592.0	383511040.0	476733.0	0.9550562210865913	0.9459770360584127	0.950516628572502	0.09491841495037079	0.9628812074661255	0.746104896068573	761735.0	1068129.0	29250058.0	88819.0	0.8955751192752018	0.9647693643422676	0.9301722418087347
35	0.06782147288322449	0.9460177421569824	0.7323959469795227	10133654.0	21984108.0	383428448.0	473665.0	0.9553454553407887	0.9457734900544126	0.9505594726976007	0.09621462970972061	0.9625667929649353	0.7448151707649231	761632.0	1077818.0	29240370.0	88922.0	0.8954540217317184	0.9644497883580642	0.9299519050448912
36	0.06749103963375092	0.9464227557182312	0.7330417037010193	10136714.0	21818836.0	383593536.0	470605.0	0.9556339353987563	0.946181129371158	0.9509075323849572	0.09123865514993668	0.9592970013618469	0.7413374185562134	770461.0	1188569.0	29129620.0	80093.0	0.9058343150464285	0.9607968338742132	0.9333155744603209
37	0.06933367252349854	0.9448117613792419	0.7279996275901794	10120680.0	22472772.0	382939936.0	486639.0	0.9541223376048179	0.9445681608974132	0.9493452492511156	0.09373865276575089	0.9609723687171936	0.7393099069595337	765247.0	1131133.0	29187052.0	85307.0	0.8997041927966949	0.9626912692827754	0.9311977310397351
38	0.06721126288175583	0.9464249610900879	0.7332280874252319	10136621.0	21817698.0	383594880.0	470698.0	0.9556251678675828	0.94618396373484	0.9509045658012114	0.09418173879384995	0.9623270630836487	0.7438699007034302	763770.0	1087435.0	29230752.0	86784.0	0.8979676775372287	0.9641325848409076	0.9310501311890682
39	0.06651942431926727	0.9469753503799438	0.7352936267852783	10146411.0	21598224.0	383814624.0	460908.0	0.9565481155040213	0.9467253588371723	0.9516367371705968	0.0910886824131012	0.9570257067680359	0.7426173686981201	772474.0	1261377.0	29056814.0	78080.0	0.9082010078137308	0.9583953739192421	0.9332981908664865
40	0.06603946536779404	0.9472779631614685	0.7356751561164856	10149174.0	21475196.0	383937536.0	458145.0	0.9568085960269508	0.947028807176189	0.9519187016015699	0.09400704503059387	0.9598298668861389	0.7389556765556335	766772.0	1168267.0	29149924.0	83782.0	0.9014971418628329	0.9614664674419394	0.9314818046523862
41	0.06664835661649704	0.9469931721687317	0.7352277636528015	10141712.0	21586460.0	383825920.0	465607.0	0.9561051194934366	0.9467543147054365	0.9514297170994366	0.08980376273393631	0.9575197696685791	0.7406622171401978	773616.0	1247119.0	29071068.0	76938.0	0.9095436621307994	0.9588656472103692	0.9342046546705842
42	0.06566183269023895	0.9476431012153625	0.7370328903198242	10152474.0	21326588.0	384085920.0	454845.0	0.9571197019718177	0.947395337886319	0.9522575199290684	0.09386235475540161	0.957879900932312	0.7377050518989563	768925.0	1231204.0	29086980.0	81629.0	0.9040284332329281	0.9593905756360606	0.9317095044344943
43	0.06539622694253922	0.9477245211601257	0.7375038862228394	10156223.0	21296532.0	384116000.0	451096.0	0.9574731371800923	0.9474694778305471	0.9524713075053197	0.09282916784286499	0.9588226675987244	0.7447075247764587	770457.0	1203347.0	29114840.0	80097.0	0.9058296122292059	0.9603094010865492	0.9330695066578776
44	0.06517565995454788	0.9479015469551086	0.7374302744865417	10159040.0	21225758.0	384187008.0	448279.0	0.9577387085275743	0.9476440808477156	0.952691394687645	0.09477663785219193	0.9611814022064209	0.7436918020248413	765458.0	1124831.0	29193364.0	85096.0	0.89995226640519	0.962899143567089	0.9314257049861395
45	0.06483202427625656	0.9480623006820679	0.7385812997817993	10163657.0	21163544.0	384249152.0	443662.0	0.9581739740268017	0.9477975302480414	0.9529857521374215	0.09425095468759537	0.9583563208580017	0.7418384552001953	769730.0	1217150.0	29101036.0	80824.0	0.904974875198988	0.9598541284758924	0.9324145018374401
46	0.06486229598522186	0.9481745362281799	0.738784670829773	10160361.0	21113616.0	384298784.0	446958.0	0.9578632451800497	0.9479206457424588	0.9528919454612543	0.09775557368993759	0.9623063206672668	0.7436487674713135	761419.0	1085730.0	29232460.0	89135.0	0.8952035967146119	0.9641888252563889	0.9296962109855005
47	0.06436516344547272	0.9484216570854187	0.739574134349823	10167235.0	21017608.0	384395232.0	440084.0	0.9585112882906605	0.9481575176553362	0.9533344029729983	0.10043706744909286	0.9637220501899719	0.7411612868309021	756857.0	1037039.0	29281154.0	93697.0	0.8898400336721713	0.9657948282076045	0.9278174309398879
48	0.06420638412237167	0.9487116932868958	0.7392220497131348	10166164.0	20895748.0	384516800.0	441155.0	0.9584103202703718	0.9484580630197958	0.9534341916450838	0.0942879468202591	0.9591988921165466	0.7404645681381226	767822.0	1188985.0	29129200.0	82732.0	0.9027316313837804	0.9607831075639917	0.9317573694738861
49	0.06403650343418121	0.948657214641571	0.7400707602500916	10169571.0	20921928.0	384490528.0	437748.0	0.9587315135898147	0.9483934751131573	0.953562494351486	0.1000027284026146	0.9623653292655945	0.738985002040863	758914.0	1081382.0	29236808.0	91640.0	0.8922584574289228	0.9643322375115401	0.9282953474702315
50	0.06365408003330231	0.949116051197052	0.7410751581192017	10171680.0	20733336.0	384679296.0	435639.0	0.9589303385709433	0.9488586828246635	0.9538945106978034	0.09730412811040878	0.9594122767448425	0.7408559918403625	764410.0	1178920.0	29139272.0	86144.0	0.8987201282928539	0.9611150955175691	0.9299176119052115
